40.330
45.330
10.410
11.410
37.626
89.753
145.427
252.847
0.000
0.000
13.594
20.391
65.184
71.981
92.520
113.638
92.520
113.638
102.308
131.291
41.106
93.233
89.274
96.071
137.048
244.468
0.000
0.000
0.000
0.000
-987654.000
987654.000
-987654.000
987654.000
-987654.000
987654.000
-987654.000
987654.000
-987654.000
987654.000
-987654.000
987654.000
-987654.000
987654.000
-987654.000
987654.000
-987654.000
987654.000
-987654.000
987654.000
-987654.000
987654.000
-987654.000
987654.000
-987654.000
987654.000
0.000
0.000
0.000
0.000
0.000
0.000
0.000
0.000
0.000
0.000
0.000
0.000
0.000
0.000
0.000
0.000
0.000
0.000
0.000
0.000
0.000
0.000
0.000
0.000
0.000
0.000
0.000
0.000
0.000
0.000
0.000
0.000
0.000
0.000
0.000
0.000
0.000
0.000
